13 0.83048828125 0.313896484375 0.082587890625 0.071416015625
15 0.3455859375 0.66201171875 0.076533203125 0.10279296875
33 0.435322265625 0.412265625 0.03806640625 0.039287109375
33 0.396171875 0.629072265625 0.02359375 0.02517578125
32 0.5525 0.739677734375 0.04654296875 0.032138671875
15 0.844580078125 0.48552734375 0.072880859375 0.068427734375
13 0.577978515625 0.4715234375 0.072822265625 0.065
1 0.64796875 0.458505859375 0.044580078125 0.057734375
0 0.3862109375 0.376220703125 0.03130859375 0.033125
0 0.174375 0.362392578125 0.0553125 0.041015625
33 0.90095703125 0.2984765625 0.03208984375 0.051015625
7 0.927255859375 0.6710546875 0.04318359375 0.04955078125