11 0.4264112903225806 0.6496975806451613 0.09475806451612903 0.0907258064516129
3 0.1875 0.7036290322580645 0.09576612903225806 0.07963709677419355
30 0.07711693548387097 0.6244959677419355 0.036290322580645164 0.05141129032258065
30 0.2530241935483871 0.2852822580645161 0.05241935483870968 0.05040322580645161
24 0.5609879032258065 0.35231854838709675 0.2217741935483871 0.09375
33 0.5932459677419355 0.2091733870967742 0.038306451612903226 0.03931451612903226
33 0.6688508064516129 0.1743951612903226 0.038306451612903226 0.038306451612903226
33 0.6663306451612904 0.36643145161290325 0.007056451612903226 0.006048387096774193
5 0.8538306451612904 0.3392137096774194 0.057459677419354836 0.05846774193548387
5 0.9077620967741935 0.3034274193548387 0.0625 0.0655241935483871
5 0.9460685483870968 0.6255040322580645 0.047379032258064516 0.05342741935483871