11 0.41598360655737704 0.6301229508196722 0.09631147540983606 0.09221311475409837
3 0.17315573770491804 0.6854508196721312 0.09733606557377049 0.08094262295081968
30 0.06096311475409836 0.6050204918032787 0.036885245901639344 0.05225409836065574
30 0.24026639344262296 0.26024590163934425 0.05327868852459016 0.05122950819672131
24 0.5527663934426229 0.32838114754098363 0.22540983606557377 0.09528688524590163
33 0.5855532786885246 0.18288934426229508 0.0389344262295082 0.039959016393442626
33 0.6629098360655737 0.14754098360655737 0.0389344262295082 0.0389344262295082
33 0.6603483606557377 0.3427254098360656 0.007172131147540984 0.006147540983606557
5 0.850922131147541 0.3150614754098361 0.0584016393442623 0.05942622950819672
5 0.9057377049180327 0.2786885245901639 0.06352459016393443 0.06659836065573771
5 0.944672131147541 0.6060450819672131 0.04815573770491803 0.05430327868852459