13 0.7215127701375246 0.19106090373280943 0.10609037328094302 0.10019646365422397
15 0.42779960707269155 0.7146365422396856 0.11394891944990176 0.12671905697445973
33 0.4032416502946955 0.4489194499017682 0.05108055009823183 0.05206286836935167
33 0.45972495088408644 0.6630648330058939 0.03241650294695481 0.03339882121807466
32 0.6493123772102161 0.6974459724950884 0.055992141453831044 0.04911591355599214
15 0.8074656188605108 0.3418467583497053 0.09528487229862476 0.09332023575638507
13 0.5584479371316307 0.44204322200392926 0.09430255402750491 0.09037328094302555
1 0.6168958742632613 0.40078585461689586 0.06483300589390963 0.07170923379174853
0 0.3433202357563851 0.43664047151277013 0.04223968565815324 0.043222003929273084
0 0.1444007858546169 0.5142436149312377 0.06777996070726916 0.060903732809430254
33 0.7794695481335953 0.14734774066797643 0.05108055009823183 0.05992141453831041
7 0.9616895874263262 0.47544204322200395 0.060903732809430254 0.06385068762278978