11 0.42603515625 0.634033203125 0.082822265625 0.078837890625
3 0.1899609375 0.65810546875 0.08505859375 0.067001953125
30 0.093203125 0.56880859375 0.029765625 0.046337890625
30 0.30271484375 0.26333984375 0.04572265625 0.043916015625
24 0.590556640625 0.36439453125 0.20845703125 0.066240234375
33 0.638447265625 0.23048828125 0.03369140625 0.033994140625
33 0.715400390625 0.205830078125 0.0330078125 0.03345703125
33 0.690498046875 0.39033203125 0.006669921875 0.005205078125
5 0.873994140625 0.386455078125 0.04927734375 0.051474609375
5 0.93 0.35814453125 0.0536328125 0.057421875
5 0.928779296875 0.672333984375 0.040849609375 0.047294921875