13 0.8920570264765784 0.48421588594704684 0.10896130346232179 0.10285132382892057
15 0.28258655804480654 0.610488798370672 0.11608961303462322 0.13034623217922606
33 0.4740325865580448 0.4103869653767821 0.05295315682281059 0.0539714867617108
33 0.34470468431771895 0.6003054989816701 0.03360488798370672 0.03360488798370672
32 0.4465376782077393 0.7718940936863544 0.05804480651731161 0.04989816700610998
15 0.8324847250509165 0.6537678207739308 0.09877800407331976 0.09572301425661914
13 0.5845213849287169 0.5274949083503055 0.09674134419551934 0.09266802443991853
1 0.6568228105906314 0.544806517311609 0.06720977596741344 0.07433808553971487
0 0.4424643584521385 0.35539714867617106 0.04378818737270876 0.04480651731160896
0 0.24643584521384929 0.2525458248472505 0.07026476578411406 0.062118126272912425
33 0.9658859470468432 0.4994908350305499 0.051934826883910386 0.062118126272912425
7 0.8324847250509165 0.8655804480651731 0.062118126272912425 0.06517311608961303